
                    ID    PAGE_ID REGION_CSS_CLASSES    
______________________ __________ _____________________ 
    688636922201323089         84                       
    944885759588366790        117                       
    512286749995679044        167                       
    467319853444404588        145                       
    482643978079623048        149                       
    587811906341276166        170                       
    504438815063769322        151                       
    473065840532273534         58                       
    449341854427666826        125                       
   1481442948391410827        721 ds-dash-filters       
    514060306366215750        129                       
    382624511311554758        153                       
    952822659335874938        154                       
    800816174907511743        158                       

                   ID    PAGE_ID REGION_CSS_CLASSES    
_____________________ __________ _____________________ 
   468469046455039621        137                       
   467480078513360013         68                       
   521468437806160483        139                       
   614406007565322863        160                       
   467180941447240948        107                       
   484350946351418340        142                       
   863589971090883140        165                       
   785601475346570776         10                       
   547585271404462695        314                       
   539639849019264822        316                       
   214135996987006909        290                       
   187201275311143545        291                       
    21421736856322697        382                       
   215041121272654501        295                       

                    ID    PAGE_ID REGION_CSS_CLASSES    
______________________ __________ _____________________ 
    382173346866623596        300                       
     44821780661098858        362                       
    298911355582175660        302                       
     51229704189411019        364                       
    987505952079677957        333                       
    532189987554955569        414                       
   1031231124406459983        335                       
   1075307556261009279        337                       
     21533851469800206        377                       
     59185764598493228        378                       
    488051493143507276        417                       
   1119538819752837381        339                       
   1164001627298571129        341                       
    238989996954100634        309                       

                    ID    PAGE_ID REGION_CSS_CLASSES    
______________________ __________ _____________________ 
    509340892036674931        419                       
   1120893343030772827        343                       
   1166560836221838621        345                       
     60205532909689924        502                       
    212089943179896589        280                       
    197926329128001165        281                       
    197951449835041310        283                       
    790159185251584973        288                       
    800625735887012954        192                       
    457764533760787633        222                       
    603569163525795584        194                       
    703645096833300170        262                       
    482916815606879905        178                       
    601260584678366652        265                       

                    ID    PAGE_ID REGION_CSS_CLASSES    
______________________ __________ _____________________ 
    567511944793605917        198                       
    791693233979097885        268                       
    482860163218473896        201                       
    686824222193819059        182                       
    612230984649572316        183                       
    712034289733560715        691                       
   1061392829589730161        713                       
    615615020522602318        669                       
    661258768065712114        671                       
    574598003776629471        674                       
   1112479127035217306        701                       
    789095232343455063        798                       
    586700760958941903        676                       
    661425287850965458        681                       

                    ID    PAGE_ID REGION_CSS_CLASSES    
______________________ __________ _____________________ 
   1177999350337263104        704                       
    776022569523357630        621                       
    500083299346903930        659                       
    615609060464505547        665                       
    615626968431745520        631                       
    625987297138354226        640                       
    466574898439079095        648                       
    567115149601889224        651                       
    533597015303857672        657                       
    893008091532408360        619                       
     12794246669301144        904 ds-dash-filters       
     12817744112301234        922 ds-dash-filters       
     12722904962300725        911 ds-dash-filters       
     12874895647301506        931 ds-dash-filters       

                   ID    PAGE_ID REGION_CSS_CLASSES    
_____________________ __________ _____________________ 
    12729533056300759        912 ds-dash-filters       
    12735546002300789        913 ds-dash-filters       
    12796787671301161        905 ds-dash-filters       
    12838202963301324        924 ds-dash-filters       
    12799719338301178        906 ds-dash-filters       
    12747372018300866        916 ds-dash-filters       
    12843468372301346        925 ds-dash-filters       
    12691747386300524        907 ds-dash-filters       
    12698384196300558        908 ds-dash-filters       
    12751855929300902        917 ds-dash-filters       
    12703148978300587        909 ds-dash-filters       
    12857021354301386        927 ds-dash-filters       
   647869638864060914        199                       
    12806096557301196        920 ds-dash-filters       

                   ID    PAGE_ID REGION_CSS_CLASSES               
_____________________ __________ ________________________________ 
    12812986752301216        921 ds-dash-filters                  
    12870339138301475        930 ds-dash-filters                  
    12712008709300653        910 ds-dash-filters                  
    12860993949301405        928 ds-dash-filters                  
    12877989868301508        932 ds-dash-filters                  
    12881721232301539        933 ds-dash-filters                  
   955503931274436075        934 ds-dash-filters                  
    12847693919301369        926 ds-dash-filters                  
    12739436044300823        914 ds-dash-filters                  
    12754995917300934        918 ds-dash-filters                  
    12758725507300937        919 ds-dash-filters                  
    12826659402301275        923 ds-dash-filters                  
    12783327759301109        903 ds-dash-filters                  
   955525386893436167        935 ds-dash-filters ds360-filters    

                   ID    PAGE_ID REGION_CSS_CLASSES               
_____________________ __________ ________________________________ 
   600814310547447241        143                                  
   955532015170436198        936 ds-dash-filters ds360-filters    
   955542221010436258        938 ds-dash-filters ds360-filters    
   949488862065553011        940 ds-dash-filters                  

116 rows selected. 

